00000000 000000
00000001 000000
00000010 000000
00000011 000000
00010000 000001
00010001 000001
00010010 000001
00010011 000001
00100000 000000
00100001 000000
00100010 000000
00100011 000000
00110000 000000
00110001 000000
00110010 000000
00110011 000000
01000000 000100
01000001 000100
01000010 000100
01000011 000100
01010000 000101
01010001 000101
01010010 000101
01010011 000101
01100000 000000
01100001 000000
01100010 000000
01100011 000000
01110000 000000
01110001 000000
01110010 000000
01110011 000000
10000000 000000
10000001 000000
10000010 000000
10000011 000000
10010000 001001
10010001 001001
10010010 001001
10010011 001001
10100000 001010
10100001 001010
10100010 001010
10100011 001010
10110000 000000
10110001 000000
10110010 000000
10110011 000000
11000000 000000
11000001 000000
11000010 000000
11000011 000000
11010000 000000
11010001 000000
11010010 000000
11010011 000000
11100000 000000
11100001 000000
11100010 000000
11100011 000000
11110000 001111
11110001 001111
11110010 001111
11110011 001111
00000100 001011
00000101 001010
00000110 001001
00000111 001000
00010100 001011
00010101 001010
00010110 001001
00010111 001000
00100100 001011
00100101 001010
00100110 001001
00100111 001000
00110100 001011
00110101 001010
00110110 001001
00110111 001000
01000100 001011
01000101 001010
01000110 001001
01000111 001000
01010100 001011
01010101 001010
01010110 001001
01010111 001000
01100100 001011
01100101 001010
01100110 001001
01100111 001000
01110100 001011
01110101 001010
01110110 001001
01110111 001000
10000100 001011
10000101 001010
10000110 001001
10000111 001000
10010100 001011
10010101 001010
10010110 001001
10010111 001000
10100100 001011
10100101 001010
10100110 001001
10100111 001000
10110100 001011
10110101 001010
10110110 001001
10110111 001000
11000100 001011
11000101 001010
11000110 001001
11000111 001000
11010100 001011
11010101 001010
11010110 001001
11010111 001000
11100100 001011
11100101 001010
11100110 001001
11100111 001000
11110100 001011
11110101 001010
11110110 001001
11110111 001000
00001000 000111
00001001 000110
00001010 000101
00001011 000100
00011000 000110
00011001 000111
00011010 000100
00011011 000101
00101000 000101
00101001 000100
00101010 000111
00101011 000110
00111000 000100
00111001 000101
00111010 000110
00111011 000111
01001000 000011
01001001 000010
01001010 000001
01001011 000000
01011000 000010
01011001 000011
01011010 000000
01011011 000001
01101000 000001
01101001 000000
01101010 000011
01101011 000010
01111000 000000
01111001 000001
01111010 000010
01111011 000011
10001000 001111
10001001 001110
10001010 001101
10001011 001100
10011000 001110
10011001 001111
10011010 001100
10011011 001101
10101000 001101
10101001 001100
10101010 001111
10101011 001110
10111000 001100
10111001 001101
10111010 001110
10111011 001111
11001000 001011
11001001 001010
11001010 001001
11001011 001000
11011000 001010
11011001 001011
11011010 001000
11011011 001001
11101000 001001
11101001 001000
11101010 001011
11101011 001010
11111000 001000
11111001 001001
11111010 001010
11111011 001011
00001100 000000
00001101 000000
00001110 000000
00001111 000000
00011100 000001
00011101 000001
00011110 000001
00011111 000001
00101100 000001
00101101 000001
00101110 000001
00101111 000001
00111100 000010
00111101 000010
00111110 000010
00111111 000010
01001100 000001
01001101 000001
01001110 000001
01001111 000001
01011100 000010
01011101 000010
01011110 000010
01011111 000010
01101100 000010
01101101 000010
01101110 000010
01101111 000010
01111100 000011
01111101 000011
01111110 000011
01111111 000011
10001100 000001
10001101 000001
10001110 000001
10001111 000001
10011100 000010
10011101 000010
10011110 000010
10011111 000010
10101100 000010
10101101 000010
10101110 000010
10101111 000010
10111100 000011
10111101 000011
10111110 000011
10111111 000011
11001100 000010
11001101 000010
11001110 000010
11001111 000010
11011100 000011
11011101 000011
11011110 000011
11011111 000011
11101100 000011
11101101 000011
11101110 000011
11101111 000011
11111100 000100
11111101 000100
11111110 000100
11111111 000100
